DISIni CFPassi CFMosse CFTempo ManPassi ManMosse ManTempo ManInvPassi ManInvMosse ManInvTempo ASPassi ASMosse ASTempo
21 1610 147 5.4139416217803955 1163 119 0.6966047286987305 271 57 0.5296938419342041 167 23 0.20588064193725586 
9 3285 69 22.24762272834778 60 27 0.007010698318481445 40 27 0.017988920211791992 823 21 4.8213019371032715 
17 2774 189 16.060583114624023 1808 123 1.4651744365692139 398 69 1.2023122310638428 651 25 3.114196300506592 
19 4997 227 51.09358739852905 156 31 0.023983001708984375 39 27 0.018011808395385742 176 23 0.2470088005065918 
19 4505 193 39.813803911209106 697 79 0.24485325813293457 164 29 0.20706629753112793 399 23 1.168114423751831 
13 668 69 0.9989850521087646 668 73 0.24900007247924805 334 77 0.8609218597412109 1894 23 25.035273790359497 
17 5001 5001 51.61661100387573 134 25 0.019982576370239258 95 19 0.07995367050170898 56 19 0.030981779098510742 
13 1499 93 4.4791412353515625 41 23 0.00500035285949707 29 17 0.010988712310791016 123 17 0.12892770767211914 
5 14 11 0.0020160675048828125 17 9 0.001993417739868164 16 9 0.005002021789550781 19 9 0.005991697311401367 
21 2319 131 11.289047479629517 590 83 0.18189287185668945 331 73 0.8395326137542725 777 25 4.501394510269165 
23 1199 145 3.0632336139678955 635 83 0.20692110061645508 24 23 0.006996870040893555 27 23 0.007994651794433594 
15 2854 237 16.62022042274475 28 21 0.0030107498168945312 28 21 0.009998798370361328 263 21 0.5028822422027588 
15 5001 5001 50.33927130699158 429 69 0.11593198776245117 401 39 1.2173137664794922 905 23 5.868605852127075 
11 1679 29 5.849119424819946 92 27 0.011992692947387695 37 29 0.014991521835327148 968 21 6.606234788894653 
19 4059 313 33.00729274749756 1800 175 1.4451491832733154 379 81 1.059941291809082 124 23 0.11993932723999023 
21 4633 203 43.50777578353882 200 49 0.03598284721374512 76 33 0.052991628646850586 229 25 0.413435697555542 
13 5001 5001 50.41857957839966 897 93 0.3687872886657715 257 37 0.4577348232269287 1037 25 7.359748125076294 
21 1642 123 5.707599639892578 250 37 0.04597306251525879 282 45 0.5356900691986084 90 23 0.07395744323730469 
13 1364 63 3.993760585784912 215 55 0.043691158294677734 111 19 0.11677074432373047 113 17 0.11593770980834961 
15 4329 217 39.6252920627594 145 39 0.020992040634155273 151 63 0.1962130069732666 1170 25 10.081151485443115 
13 1113 85 2.625941276550293 171 45 0.02598857879638672 92 31 0.0729970932006836 33 15 0.01300811767578125 
15 1702 127 6.1454102993011475 14 15 0.0010008811950683594 14 15 0.003996133804321289 18 15 0.003997325897216797 
21 1955 147 7.99351167678833 127 55 0.020986557006835938 142 45 0.17391228675842285 386 25 1.0769884586334229 
23 4129 183 36.47965908050537 910 153 0.45575380325317383 82 39 0.05396914482116699 131 25 0.13494038581848145 
19 1821 117 7.222476482391357 79 39 0.010006904602050781 24 21 0.00800776481628418 58 21 0.033980369567871094 
15 2627 107 14.114524841308594 1061 107 0.5539157390594482 417 91 1.2760164737701416 497 23 1.8149895668029785 
25 1603 131 5.222289323806763 24 25 0.0029807090759277344 53 35 0.029000043869018555 75 25 0.04697251319885254 
13 454 31 0.5007264614105225 12 13 0.0010004043579101562 12 13 0.0029973983764648438 14 13 0.0029964447021484375 
19 2199 119 10.185560464859009 116 55 0.016985416412353516 197 61 0.3108246326446533 638 25 3.022761344909668 
19 1443 101 4.398862838745117 1457 149 1.0019958019256592 343 65 0.9150242805480957 474 25 1.7239878177642822 
13 5001 5001 50.88658595085144 16 13 0.001998424530029297 52 13 0.02900218963623047 20 13 0.005995750427246094 
13 3820 113 29.422474145889282 1576 135 1.1653096675872803 162 53 0.20588159561157227 256 21 0.4976942539215088 
13 5001 5001 49.633113861083984 70 25 0.008994579315185547 99 23 0.08995938301086426 77 17 0.05099177360534668 
19 1404 107 4.050811767578125 444 51 0.13190531730651855 192 53 0.30898189544677734 353 23 0.9360034465789795 
15 1150 123 2.7854394912719727 1701 133 1.3372323513031006 257 61 0.47222423553466797 2172 25 33.364068031311035 
9 282 27 0.19488739967346191 78 37 0.010010004043579102 53 27 0.028983116149902344 982 21 7.0797929763793945 
19 4293 279 38.436830043792725 1062 127 0.5532219409942627 265 69 0.5317156314849854 212 25 0.3441283702850342 
13 1135 43 2.8458101749420166 312 43 0.07795357704162598 93 31 0.07302546501159668 512 21 1.940093755722046 
11 1521 117 4.735280990600586 3093 203 4.308854103088379 256 45 0.48793864250183105 1768 23 22.13111448287964 
15 434 67 0.4067680835723877 981 71 0.47174787521362305 292 67 0.6386449337005615 1603 25 18.883561849594116 
15 2189 125 9.783060312271118 992 99 0.5017096996307373 168 47 0.2288680076599121 2872 25 56.697959423065186 
15 4907 173 48.51770377159119 987 107 0.4467592239379883 149 33 0.18189430236816406 636 23 2.8693370819091797 
19 2196 91 9.821646213531494 1273 87 0.8015537261962891 148 45 0.17389941215515137 65 21 0.03699541091918945 
19 1148 73 2.845850944519043 431 51 0.12494611740112305 754 97 4.154616832733154 383 25 1.1865384578704834 
13 2128 163 17.0294988155365 295 53 0.10593986511230469 75 33 0.08694815635681152 232 19 0.686603307723999 
17 5001 5001 55.003886222839355 527 37 0.16690707206726074 211 45 0.35781431198120117 35 19 0.014983892440795898 
25 2172 139 9.840983390808105 245 69 0.045990943908691406 560 131 2.37707257270813 74 25 0.05098414421081543 
21 4296 129 38.176969051361084 304 81 0.06796050071716309 118 45 0.1200566291809082 306 25 0.728036642074585 
17 5001 5001 53.18269896507263 877 93 0.4081389904022217 542 105 2.1724042892456055 29 17 0.01175236701965332 
17 797 81 1.400843620300293 616 63 0.21896791458129883 54 35 0.032987117767333984 327 23 0.8290739059448242 
11 5001 5001 49.48993921279907 361 39 0.08899641036987305 20 19 0.005994558334350586 40 15 0.018004179000854492 
17 2719 135 15.644112348556519 1224 161 0.725879430770874 120 31 0.11493277549743652 48 19 0.023981571197509766 
19 5001 5001 48.18424701690674 261 79 0.05296611785888672 168 55 0.2458784580230713 84 21 0.06096458435058594 
15 5001 5001 47.92027711868286 121 45 0.017002344131469727 83 45 0.06495141983032227 281 21 0.5906577110290527 
21 5001 5001 50.17424011230469 1105 143 0.6030080318450928 56 31 0.031998634338378906 159 25 0.21603965759277344 
15 2685 81 14.850197792053223 337 73 0.07718062400817871 151 43 0.18568181991577148 1089 23 8.586925983428955 
19 5001 5001 52.02798533439636 671 81 0.25835561752319336 67 31 0.04496121406555176 73 21 0.04897165298461914 
15 5001 5001 52.0717134475708 629 81 0.22709274291992188 108 33 0.0930013656616211 153 21 0.17845916748046875 
17 1915 141 8.029728412628174 1038 109 0.5418405532836914 333 81 0.8605105876922607 320 23 0.7735540866851807 
21 2161 97 9.89785099029541 59 39 0.0069959163665771484 105 45 0.0909273624420166 142 25 0.17237043380737305 
17 399 33 0.36630773544311523 154 39 0.024990081787109375 40 23 0.016990184783935547 176 21 0.260866641998291 
19 312 39 0.22187542915344238 207 49 0.03697395324707031 138 39 0.1599123477935791 372 23 1.066408395767212 
13 992 75 1.9585726261138916 145 23 0.022008895874023438 40 23 0.01898813247680664 60 15 0.03497910499572754 
23 5001 5001 47.72590970993042 274 45 0.05198168754577637 147 33 0.17290520668029785 346 25 0.8655185699462891 
19 828 73 1.5001521110534668 383 97 0.1039574146270752 139 55 0.16990089416503906 529 25 2.0528132915496826 
15 1980 121 7.988517999649048 931 129 0.395770788192749 305 55 0.6616387367248535 1582 25 16.923012733459473 
19 5001 5001 48.68503499031067 842 105 0.35092687606811523 404 75 1.248908519744873 349 25 0.916010856628418 
19 5001 5001 49.42296290397644 42 27 0.004994392395019531 139 59 0.16290497779846191 264 23 0.506723165512085 
19 3364 181 22.34120512008667 622 81 0.22487497329711914 27 27 0.00799417495727539 132 25 0.13998174667358398 
15 5001 5001 48.67128396034241 283 35 0.05796527862548828 74 35 0.05097055435180664 221 19 0.3538095951080322 
17 1730 125 5.955098628997803 223 47 0.04097604751586914 36 25 0.014988183975219727 1086 25 8.290695667266846 
19 5001 5001 47.600475788116455 34 25 0.0029981136322021484 32 27 0.011006593704223633 239 23 0.39983129501342773 
17 5001 5001 49.17336988449097 2057 159 1.931899070739746 622 99 2.9214084148406982 900 25 5.632028818130493 
21 866 99 1.6406621932983398 1079 131 0.5586771965026855 175 61 0.2528538703918457 75 23 0.05196952819824219 
19 5001 5001 48.74980711936951 697 53 0.24585771560668945 28 25 0.009993791580200195 164 23 0.22187471389770508 
21 504 45 0.5536818504333496 221 49 0.04297447204589844 95 51 0.07596778869628906 417 25 1.3182382583618164 
17 2934 185 17.12481713294983 457 95 0.12793183326721191 436 115 1.5440173149108887 267 23 0.5558648109436035 
13 455 47 0.4387502670288086 189 45 0.03200340270996094 107 43 0.10393834114074707 370 21 1.0773816108703613 
23 5001 5001 52.0057475566864 2725 217 3.2706663608551025 135 45 0.14791393280029297 58 25 0.03199601173400879 
11 15 15 0.002006053924560547 14 15 0.0009906291961669922 15 15 0.0030069351196289062 42 15 0.020977497100830078 
13 3062 103 19.13742733001709 1991 123 1.8613438606262207 99 37 0.0839691162109375 3395 25 82.00631332397461 
17 1928 101 7.782268285751343 109 31 0.015985965728759766 18 17 0.005001068115234375 29 17 0.010990619659423828 
13 75 33 0.019010066986083984 60 33 0.007989645004272461 51 37 0.02798604965209961 74 17 0.05197310447692871 
21 5001 5001 48.66101050376892 786 97 0.343813419342041 182 61 0.2708439826965332 155 25 0.18288326263427734 
19 5001 5001 50.852200984954834 474 115 0.14591526985168457 105 51 0.08994770050048828 70 21 0.04898786544799805 
17 4205 159 35.838603258132935 434 101 0.11994767189025879 340 77 0.8934836387634277 799 25 4.751250267028809 
21 4747 201 48.00006413459778 49 35 0.006008625030517578 133 47 0.14198660850524902 62 23 0.03397631645202637 
17 945 79 1.9713068008422852 60 27 0.006996631622314453 86 35 0.0679471492767334 449 23 1.5777802467346191 
19 941 75 1.9039161205291748 120 53 0.016994237899780273 218 57 0.3887755870819092 320 25 0.8305199146270752 
11 1509 143 4.586370229721069 1162 29 0.6836035251617432 34 17 0.01299428939819336 114 17 0.10992074012756348 
17 1599 111 5.640277624130249 2556 229 2.82102632522583 510 67 1.9618828296661377 700 25 3.5479512214660645 
21 2586 127 13.467285394668579 681 75 0.23687362670898438 83 47 0.06696248054504395 3638 27 94.46708297729492 
15 3347 159 22.74586009979248 1500 101 1.1023614406585693 143 37 0.175917387008667 803 23 4.51347017288208 
7 17 11 0.002019166946411133 20 11 0.002979755401611328 19 11 0.0050106048583984375 21 11 0.00699615478515625 
17 1639 101 5.502892971038818 355 77 0.07495594024658203 143 33 0.16191887855529785 1304 25 12.35930323600769 
13 1105 57 2.520399332046509 42 21 0.004010677337646484 26 21 0.009169816970825195 639 21 3.1322574615478516 
11 964 67 1.9208710193634033 93 29 0.012991666793823242 169 39 0.2348918914794922 2923 23 60.9153208732605 
17 1211 113 3.1418843269348145 1971 129 1.868039608001709 125 43 0.13531017303466797 1217 25 10.925090789794922 
13 5001 5001 51.43681716918945 38 19 0.005012035369873047 30 19 0.010993242263793945 36 15 0.014979124069213867 
17 698 57 1.0591437816619873 995 107 0.5017139911651611 245 63 0.4589049816131592 1174 25 9.950576543807983
15 817 101 1.622755527496338 150 37 0.02398538589477539 81 39 0.06297564506530762 743 23 4.415448904037476 
13 452 51 0.5017101764678955 49 27 0.0059967041015625 21 17 0.005995512008666992 69 17 0.04197549819946289 
19 4388 215 37.7552707195282 2468 235 2.604055166244507 488 83 1.7429935932159424 194 25 0.2708430290222168 
21 5001 5001 49.95315980911255 228 47 0.04097628593444824 256 55 0.45975279808044434 194 23 0.288832426071167 
19 5001 5001 51.649667263031006 763 101 0.30880284309387207 38 31 0.018988847732543945 400 23 1.1923317909240723 
11 68 17 0.01699090003967285 14 15 0.0009992122650146484 20 17 0.005997180938720703 69 15 0.046972036361694336 
21 2351 163 11.308099031448364 1185 79 0.6938471794128418 372 101 1.0514099597930908 144 25 0.15192914009094238 
23 2466 233 12.184998273849487 432 99 0.10995221138000488 508 97 1.903900146484375 123 25 0.10993599891662598 
19 3686 149 26.33978581428528 490 87 0.1419391632080078 1471 117 14.987339973449707 222 25 0.35379552841186523 
15 414 59 0.40378451347351074 549 71 0.17190098762512207 90 33 0.06595826148986816 437 23 1.382204532623291 
19 5001 5001 49.40928387641907 1242 55 0.76656174659729 156 43 0.18789315223693848 243 23 0.44274210929870605 
15 3265 103 21.4916033744812 2571 153 2.747412919998169 276 45 0.5776669979095459 1293 25 11.363449811935425 
17 3235 145 21.816416025161743 2938 249 3.7690861225128174 293 63 0.6496248245239258 701 25 3.586927890777588 
19 2172 75 9.75138545036316 347 41 0.08295202255249023 91 33 0.07295751571655273 265 23 0.5296943187713623 
15 1139 129 2.809396266937256 3096 249 4.766242504119873 301 47 0.6915819644927979 189 21 0.30182504653930664 
13 497 57 0.6136612892150879 508 63 0.1499018669128418 45 29 0.023984432220458984 535 21 2.0967912673950195 
13 622 59 0.799536943435669 229 41 0.04098391532897949 224 35 0.383786678314209 1935 25 25.534815073013306 
13 477 57 0.5097253322601318 597 45 0.2108607292175293 258 41 0.53670334815979 351 19 0.9474411010742188 
23 5001 5001 54.83544611930847 801 103 0.35379958152770996 22 23 0.006978750228881836 87 23 0.06498289108276367 
11 11 11 0.001020193099975586 10 11 0.0009818077087402344 10 11 0.0009961128234863281 10 11 0.0009865760803222656 
19 1264 139 3.364072799682617 1821 137 1.5430901050567627 335 71 0.8295226097106934 58 23 0.03298211097717285 
21 1883 219 7.144892454147339 467 83 0.13392257690429688 444 101 1.4431867599487305 225 25 0.4127614498138428 
19 2030 111 8.480120420455933 2848 245 3.5239627361297607 239 71 0.4247751235961914 126 23 0.12391114234924316 
11 653 77 0.9254665374755859 214 47 0.03699898719787598 38 23 0.0179898738861084 253 17 0.4817214012145996 
23 1860 163 7.172875881195068 525 69 0.14791584014892578 597 133 2.5805256366729736 120 25 0.10893774032592773 
21 5001 5001 47.761265993118286 1473 151 1.0081732273101807 122 49 0.12694692611694336 168 25 0.2108781337738037 
21 950 109 1.9208924770355225 1147 97 0.6446480751037598 90 31 0.06995940208435059 99 23 0.07995414733886719 
11 3098 131 19.158597946166992 2558 135 2.7054526805877686 302 45 0.6905961036682129 1706 23 19.83054280281067 
19 5001 5001 50.12905931472778 336 37 0.08296632766723633 91 37 0.07794070243835449 1000 25 9.140719175338745 
17 5001 5001 54.68508267402649 156 37 0.025006771087646484 37 25 0.015986204147338867 66 19 0.04097104072570801 
23 5001 5001 55.59717297554016 59 31 0.006995677947998047 99 33 0.08095288276672363 116 25 0.10895371437072754 
23 3314 159 23.343466758728027 61 29 0.007966279983520508 91 39 0.06995868682861328 186 25 0.2668600082397461 
21 1843 155 7.10819149017334 328 65 0.08095335960388184 165 59 0.2368760108947754 207 25 0.3567821979522705 
17 704 77 1.1771478652954102 3682 203 6.670218229293823 568 107 2.7897374629974365 163 21 0.22986531257629395 
21 5001 5001 55.63215613365173 990 147 0.4877307415008545 112 57 0.11892175674438477 133 25 0.14091825485229492 
23 899 77 1.7644870281219482 191 51 0.032680511474609375 47 35 0.023981094360351562 143 25 0.17288780212402344 
11 5001 5001 50.813201904296875 767 93 0.315812349319458 116 43 0.11392021179199219 395 19 1.178088665008545 
17 1755 127 6.232688665390015 19 17 0.001999378204345703 19 17 0.004991292953491211 27 17 0.00899505615234375 
15 281 39 0.19589877128601074 119 35 0.016890287399291992 64 39 0.03904223442077637 2641 25 47.60074281692505 
15 1135 105 2.7735989093780518 466 81 0.12993836402893066 93 39 0.07597231864929199 444 23 1.5029237270355225 
13 4339 137 41.54633283615112 94 35 0.013005971908569336 48 25 0.023974895477294922 172 19 0.24387407302856445 
5 193 11 0.09496068954467773 79 9 0.010996103286743164 45 9 0.022981882095336914 19 9 0.0050029754638671875 
19 847 67 1.6357183456420898 151 47 0.024979114532470703 221 63 0.3799710273742676 302 23 0.7161800861358643 
25 5001 5001 54.05751061439514 350 55 0.08195352554321289 144 59 0.17890596389770508 164 25 0.22086811065673828 
19 5001 5001 51.31803369522095 104 51 0.014990806579589844 91 39 0.07197260856628418 79 21 0.05896639823913574 
13 48 27 0.009989500045776367 179 39 0.029968738555908203 38 21 0.015006065368652344 110 19 0.09895062446594238 
17 5001 5001 51.675567626953125 71 35 0.009010791778564453 109 35 0.10393953323364258 603 23 2.7910194396972656 
21 5001 5001 49.8388512134552 1254 105 0.7915194034576416 181 49 0.27194809913635254 150 23 0.19506621360778809 
19 2543 145 14.166747093200684 594 97 0.20204472541809082 487 103 1.7262330055236816 1667 27 19.36256694793701 
21 406 35 0.4048953056335449 397 45 0.10618829727172852 40 31 0.01898956298828125 115 23 0.12101030349731445 
9 737 59 1.2259619235992432 726 47 0.28408074378967285 124 15 0.14891767501831055 86 15 0.06897759437561035 
21 5001 5001 54.87571334838867 4373 223 8.70404577255249 140 41 0.17004990577697754 490 25 1.7713987827301025 
21 1272 125 3.6797189712524414 1908 119 1.6639959812164307 127 67 0.1388874053955078 261 25 0.5281250476837158 
11 843 49 1.5102744102478027 10 11 0.0009992122650146484 68 21 0.046478986740112305 17 11 0.004018545150756836 
25 5001 5001 55.47542214393616 25 25 0.0020084381103515625 499 103 1.8869554996490479 88 25 0.07298612594604492 
15 2197 111 10.15875506401062 109 41 0.014127969741821289 56 23 0.03198099136352539 135 19 0.14693689346313477 
15 3125 127 21.40777063369751 198 39 0.03497958183288574 50 29 0.028983116149902344 1393 23 14.172913312911987 
15 327 41 0.2703971862792969 892 87 0.4240560531616211 270 47 0.5417325496673584 1699 25 20.891123294830322 
25 5001 5001 55.75006556510925 1546 151 1.1191356182098389 217 59 0.3893752098083496 60 25 0.03498411178588867 
13 5001 5001 55.983704805374146 45 25 0.004996299743652344 123 27 0.12792587280273438 114 19 0.11593294143676758 
17 216 35 0.11993169784545898 266 45 0.04898786544799805 101 45 0.08793020248413086 539 25 2.178685188293457 
19 3059 169 20.397212028503418 4077 223 7.621715545654297 490 99 1.8731091022491455 231 25 0.4104747772216797 
19 1853 135 7.611859321594238 924 85 0.44475626945495605 200 51 0.3568081855773926 777 25 4.336265802383423 
23 5001 5001 55.66297626495361 25 25 0.0019979476928710938 417 95 1.3409533500671387 124 25 0.1289980411529541 
23 5001 5001 53.02455115318298 2170 165 2.2281980514526367 152 57 0.18198013305664062 115 25 0.1051034927368164 
23 5001 5001 49.66071128845215 1548 193 1.15104079246521 462 103 1.5906999111175537 169 25 0.2220439910888672 
17 2117 117 10.125887632369995 305 59 0.0739603042602539 323 77 0.7606983184814453 512 23 1.9689106941223145 
19 846 107 1.673511266708374 820 105 0.3511238098144531 238 47 0.4444160461425781 580 25 2.602759838104248 
19 5001 5001 51.25487565994263 31 25 0.0029981136322021484 191 51 0.2988452911376953 61 21 0.0379796028137207 
21 664 101 1.0151302814483643 127 43 0.01801133155822754 110 51 0.10593819618225098 491 25 1.7740826606750488 
23 5001 5001 56.08724665641785 1146 79 0.6696164608001709 84 47 0.06796097755432129 142 25 0.16355133056640625 
17 5001 5001 53.57974815368652 2193 155 2.3024253845214844 63 25 0.03605389595031738 618 25 2.7682650089263916 
23 2091 129 9.239851713180542 748 57 0.2788236141204834 23 23 0.006996870040893555 105 23 0.08751344680786133 
21 1512 117 5.2232019901275635 2136 141 1.9684958457946777 75 41 0.051969289779663086 333 25 0.8194401264190674 
15 2820 69 16.542379140853882 992 107 0.5113086700439453 194 61 0.30584049224853516 1292 25 11.778019905090332 
19 514 61 0.6076517105102539 263 51 0.05896568298339844 59 39 0.033980369567871094 144 23 0.17090082168579102 
17 5001 5001 54.364572286605835 2926 219 3.8168065547943115 147 49 0.17991280555725098 89 19 0.06997513771057129 
21 4047 165 32.33134150505066 2094 181 2.024836540222168 93 39 0.07697486877441406 329 25 0.8105294704437256 
19 5001 5001 48.507976770401 738 29 0.2668623924255371 78 29 0.05696678161621094 179 23 0.2508552074432373 
19 1935 77 7.607575178146362 193 51 0.031981706619262695 96 35 0.08093595504760742 603 25 2.665480375289917 
19 1615 149 6.776071786880493 584 71 0.2088911533355713 125 51 0.14989948272705078 283 25 0.6796085834503174 
11 2355 107 13.737125635147095 451 87 0.12587499618530273 105 31 0.09708142280578613 4387 25 136.97337341308594 
13 1194 87 3.3420677185058594 704 127 0.27983975410461426 268 45 0.5966720581054688 147 19 0.1898949146270752 
11 501 71 0.550701379776001 60 23 0.007990837097167969 59 25 0.0339663028717041 398 19 1.2173149585723877 
21 3418 171 26.406009674072266 82 37 0.009994268417358398 154 49 0.19388771057128906 414 25 1.3172261714935303 
17 5001 5001 51.00990104675293 1038 119 0.5017104148864746 471 103 1.6660549640655518 881 25 5.264975547790527 
21 2300 147 10.620886087417603 23 23 0.0029959678649902344 48 25 0.020985126495361328 130 23 0.13092684745788574 
17 1317 39 3.5229649543762207 18 19 0.0019986629486083984 18 19 0.0049970149993896484 53 19 0.025966882705688477 
19 5001 5001 52.8839168548584 53 33 0.005997419357299805 306 67 0.6985812187194824 484 25 1.776973009109497 
19 5001 5001 55.97067332267761 52 33 0.00600123405456543 49 33 0.025966167449951172 166 21 0.20389580726623535 
19 775 83 1.2822799682617188 82 37 0.009994745254516602 122 49 0.1229255199432373 481 25 1.7110271453857422 
21 5001 5001 51.74935603141785 124 45 0.021982192993164062 53 31 0.02698373794555664 272 25 0.5626797676086426 
15 17 17 0.004996776580810547 19 15 0.0029985904693603516 20 15 0.006994485855102539 18 15 0.004997968673706055 
23 1270 99 3.412046194076538 932 89 0.4237680435180664 392 99 1.124354362487793 66 25 0.03897881507873535 
21 5001 5001 53.96949791908264 4656 273 9.966224431991577 210 61 0.371767520904541 71 23 0.04497528076171875 
21 1791 87 7.247822284698486 895 103 0.43476152420043945 31 25 0.010991573333740234 114 25 0.10894036293029785 
17 5001 5001 54.69239640235901 2731 145 3.3630595207214355 20 21 0.00699162483215332 84 19 0.06796526908874512 
15 1567 101 5.018121004104614 90 43 0.010988712310791016 42 25 0.019988059997558594 583 23 2.608492374420166 
15 5001 5001 53.3586220741272 19 19 0.003997802734375 20 19 0.0059964656829833984 151 19 0.19388890266418457 
17 5001 5001 60.34829902648926 657 115 0.27684783935546875 93 45 0.09698009490966797 2312 25 38.884793281555176 
13 359 67 0.3008241653442383 525 65 0.1579289436340332 74 31 0.052969932556152344 290 21 0.6806066036224365 
19 5001 5001 54.99022650718689 607 39 0.1848924160003662 140 53 0.1648998260498047 321 23 0.7615652084350586 
17 5001 5001 51.14646911621094 589 49 0.19190120697021484 275 49 0.5786681175231934 513 23 1.969846248626709 
21 669 97 1.0034387111663818 2417 181 2.5965168476104736 133 53 0.15489411354064941 81 23 0.060964107513427734 
23 1640 77 5.854629755020142 410 31 0.11693239212036133 123 47 0.13692021369934082 104 25 0.10495495796203613 
13 5001 5001 55.262075424194336 401 59 0.10195446014404297 159 45 0.21787428855895996 727 21 4.880168199539185 
19 5001 5001 57.29610753059387 64 35 0.007994413375854492 22 23 0.00699615478515625 576 23 2.5994977951049805 
19 2373 127 13.767395496368408 577 101 0.2008979320526123 251 79 0.5423135757446289 355 25 1.3557615280151367 
13 408 31 0.3867814540863037 13 13 0.0009992122650146484 12 13 0.0030117034912109375 13 13 0.0030028820037841797 
19 441 81 0.5986568927764893 583 119 0.20489931106567383 114 51 0.12492752075195312 1468 27 17.657864332199097 
19 2267 115 11.340320348739624 132 47 0.023986339569091797 28 25 0.013991355895996094 291 25 0.8535475730895996 
21 5001 5001 53.247257471084595 89 39 0.011997461318969727 102 29 0.09193062782287598 99 23 0.08594274520874023 
21 4250 191 42.92675828933716 34 31 0.0030167102813720703 33 29 0.012985706329345703 106 25 0.09093332290649414 
17 316 47 0.31381750106811523 83 31 0.014992475509643555 131 39 0.14591264724731445 1905 25 28.219696760177612 
11 65 19 0.016985416412353516 10 11 0.002003192901611328 23 11 0.007990598678588867 16 11 0.003997802734375 
21 5001 5001 61.894941568374634 1487 127 1.0993647575378418 27 25 0.01000833511352539 275 25 0.6785938739776611 
19 348 61 0.2978358268737793 30 23 0.0029935836791992188 32 27 0.01101827621459961 98 23 0.08592414855957031 
21 264 41 0.17889690399169922 523 97 0.17389941215515137 85 37 0.06696653366088867 378 25 1.11734938621521 
11 1957 99 8.865885734558105 491 61 0.15291976928710938 161 35 0.2248523235321045 1556 23 20.10143208503723 
21 3534 211 31.944019317626953 254 35 0.05098843574523926 624 133 3.1492066383361816 295 25 0.7315642833709717 
17 5001 5001 60.72626972198486 845 53 0.6062352657318115 100 17 0.10395097732543945 41 17 0.018975257873535156 
19 2409 257 14.92491102218628 282 63 0.058990478515625 24 25 0.007995843887329102 437 25 1.6752841472625732 
15 203 27 0.15590953826904297 123 49 0.0179898738861084 41 27 0.02698373794555664 291 21 1.141115427017212 
13 650 75 1.0066304206848145 241 45 0.047992706298828125 47 25 0.02303147315979004 1134 23 11.464153528213501 
19 5001 5001 54.74985647201538 603 99 0.27584266662597656 112 35 0.1309223175048828 604 23 3.5022082328796387 
23 4220 247 39.25952672958374 422 57 0.1259315013885498 56 31 0.03204917907714844 149 25 0.19316554069519043 
23 5001 5001 54.50986623764038 437 61 0.12194299697875977 536 97 2.503556251525879 154 25 0.19332098960876465 
23 1340 171 4.018807649612427 372 71 0.08802676200866699 77 39 0.05303144454956055 191 25 0.3559556007385254 
19 5001 5001 55.23687434196472 1230 73 0.7149143218994141 69 29 0.046981096267700195 496 23 1.6830275058746338 
19 3035 151 22.467396020889282 66 47 0.013982057571411133 843 147 6.747560262680054 571 25 2.9474236965179443 
19 1459 161 5.456451654434204 2580 123 3.7890572547912598 386 79 1.397526741027832 189 25 0.3088223934173584 
17 2079 129 12.05206823348999 413 87 0.15891075134277344 91 35 0.08395218849182129 269 23 0.8585097789764404 
21 3599 177 35.3459746837616 2806 185 4.461030960083008 93 45 0.08495259284973145 118 25 0.13872098922729492 
21 1261 135 4.098483085632324 847 49 0.4867129325866699 107 41 0.10595250129699707 295 25 0.8581140041351318 
15 2480 203 15.471518754959106 174 57 0.0399777889251709 192 39 0.44074296951293945 80 19 0.0999441146850586 
23 5001 5001 65.46250510215759 818 103 0.43774938583374023 298 69 0.8950459957122803 119 25 0.14003801345825195 
9 730 55 1.6069812774658203 107 25 0.0239865779876709 36 25 0.018988370895385742 400 17 1.8435170650482178 
21 5001 5001 65.12153196334839 208 47 0.04697108268737793 59 41 0.055967092514038086 146 23 0.2088761329650879 
19 1753 77 7.216523170471191 23 21 0.0029845237731933594 23 23 0.007993459701538086 335 23 0.9498045444488525 
7 836 11 1.6061525344848633 24 13 0.0029897689819335938 29 11 0.0110015869140625 35 11 0.014997243881225586 
25 1430 105 4.987205505371094 366 33 0.10094356536865234 216 39 0.38077759742736816 26 25 0.007988452911376953 
19 3630 257 32.95592188835144 780 95 0.3907806873321533 111 45 0.1335608959197998 382 25 1.237555742263794 
21 4074 179 40.63324761390686 320 47 0.07497191429138184 105 47 0.0969550609588623 270 25 0.8372185230255127 
17 914 79 1.8927826881408691 687 75 0.3018198013305664 179 71 0.3327949047088623 1461 25 17.19228172302246 
17 2554 129 15.515777587890625 464 105 0.1379222869873047 188 59 0.3088083267211914 131 21 0.15790915489196777 
15 384 41 0.38377904891967773 574 73 0.2103419303894043 67 29 0.045968055725097656 853 25 7.2299299240112305 
15 1956 121 9.580189228057861 243 47 0.04897022247314453 198 49 0.3547959327697754 279 21 0.7501165866851807 
21 2674 127 17.18396806716919 99 45 0.0159912109375 91 43 0.10793590545654297 64 23 0.05298447608947754 
17 1314 125 4.19274640083313 708 59 0.31482386589050293 230 55 0.4915640354156494 2072 25 37.05220055580139 
19 2403 191 13.89816427230835 298 49 0.06596183776855469 532 105 2.4141805171966553 201 23 0.338421106338501 
15 4336 65 42.609113693237305 1680 143 1.5992116928100586 22 19 0.006995677947998047 57 19 0.033980369567871094 
15 5001 5001 58.92967700958252 507 69 0.15692472457885742 500 107 1.8386502265930176 1455 25 16.822347164154053 
19 5001 5001 54.78871941566467 718 109 0.3182647228240967 275 53 0.6146447658538818 134 23 0.15660643577575684 
17 1185 97 3.2680375576019287 750 69 0.35048985481262207 106 39 0.0979468822479248 827 25 5.779976844787598 
17 1660 97 6.2490503787994385 128 29 0.018989086151123047 64 27 0.04297494888305664 395 21 1.1220202445983887 
23 2399 149 12.752977132797241 1200 129 0.6923894882202148 133 59 0.15392351150512695 68 25 0.04397439956665039 
21 901 93 1.8408546447753906 778 81 0.3268101215362549 20 21 0.008001089096069336 42 21 0.018984556198120117 
19 5001 5001 50.21343970298767 443 105 0.12394142150878906 107 41 0.09494900703430176 127 25 0.18387818336486816 
19 1041 65 2.408623456954956 34 25 0.003994464874267578 54 25 0.028985977172851562 394 23 1.2932519912719727 
13 2035 83 9.75151801109314 19 13 0.0020036697387695312 15 13 0.004015684127807617 21 13 0.0070073604583740234 
17 3341 173 25.2281973361969 927 141 0.47472667694091797 56 35 0.033992767333984375 757 25 4.969939947128296 
19 734 85 1.1850576400756836 2558 211 3.089350938796997 911 185 6.755871057510376 233 25 0.44775390625 
17 5001 5001 56.2863826751709 374 75 0.09897708892822266 84 45 0.06596255302429199 554 25 2.3474280834198 
17 2099 139 10.136998176574707 360 57 0.08495163917541504 96 35 0.12990641593933105 50 19 0.025985240936279297 
21 5001 5001 54.78344249725342 1693 121 1.4809532165527344 477 121 1.809044361114502 175 25 0.2513923645019531 
21 5001 5001 55.1175377368927 1148 137 0.623624324798584 98 41 0.0899660587310791 217 25 0.3907763957977295 
13 2727 121 16.65345287322998 51 27 0.00599217414855957 16 17 0.004987955093383789 137 17 0.17890501022338867 
19 5001 5001 53.96373438835144 516 75 0.16692018508911133 81 25 0.06498003005981445 126 21 0.14093399047851562 
11 137 27 0.05599069595336914 477 51 0.15529823303222656 45 29 0.02099156379699707 266 19 0.5891399383544922 
15 1313 63 4.223738670349121 28 21 0.003998279571533203 27 23 0.010007381439208984 109 19 0.10797119140625 
13 5001 5001 52.75145769119263 1954 127 1.9612841606140137 470 113 1.8970189094543457 367 21 1.141035795211792 
23 5001 5001 55.25277614593506 1027 97 0.6070783138275146 53 33 0.03897857666015625 151 25 0.19788479804992676 
11 2171 131 11.47559380531311 392 43 0.1279439926147461 58 19 0.042962074279785156 476 19 2.1121270656585693 
19 5001 5001 53.34653329849243 1197 101 0.8210022449493408 56 35 0.03399395942687988 137 21 0.159895658493042 
19 1855 145 7.213658571243286 340 57 0.07896780967712402 78 43 0.05895423889160156 58 21 0.03299760818481445 
13 5001 5001 55.23219180107117 1647 111 1.1859831809997559 164 49 0.2008838653564453 1462 25 16.615355730056763 
21 3520 199 28.35944628715515 394 61 0.10494065284729004 52 33 0.02896404266357422 117 25 0.12194204330444336 
19 5001 5001 51.65003252029419 1684 211 1.4697446823120117 67 33 0.044661521911621094 30 19 0.009984970092773438 
9 2907 55 19.281548500061035 139 17 0.021985292434692383 51 17 0.04596304893493652 70 13 0.04598569869995117 
21 2246 193 10.850167751312256 1599 151 1.2811214923858643 174 51 0.24585771560668945 108 25 0.09195971488952637 
21 1125 99 2.8500375747680664 565 61 0.19188976287841797 122 39 0.12894248962402344 99 23 0.10192394256591797 
19 5001 5001 51.686789989471436 332 49 0.08396482467651367 61 33 0.04097414016723633 217 23 0.4053661823272705 
15 5001 5001 57.532631158828735 231 41 0.04401397705078125 477 105 1.7721612453460693 1393 25 14.868965864181519 
9 1342 79 3.8407790660858154 13 13 0.0019989013671875 12 13 0.0020189285278320312 24 13 0.007995843887329102 
11 1761 139 8.200457572937012 1054 121 0.5964000225067139 25 17 0.008012771606445312 109 17 0.11292648315429688 
7 2193 37 11.066066265106201 645 55 0.22085928916931152 55 15 0.03497958183288574 137 15 0.1764817237854004 
15 1642 93 6.408074378967285 252 43 0.05696749687194824 52 27 0.031968116760253906 103 19 0.09594416618347168 
7 127 17 0.0679616928100586 469 25 0.19388771057128906 64 17 0.05396723747253418 123 15 0.14792776107788086 
15 482 65 0.6226413249969482 344 41 0.10393881797790527 108 43 0.11995625495910645 281 21 0.7643146514892578 
15 5001 5001 61.56087255477905 324 53 0.10294008255004883 77 35 0.05697917938232422 1908 25 32.478450775146484 
17 5001 5001 63.74894881248474 31 21 0.003996849060058594 41 23 0.024987220764160156 127 19 0.22294020652770996 
15 816 103 1.7091894149780273 682 23 0.2648472785949707 86 23 0.07996988296508789 273 21 0.6776249408721924 
15 738 47 1.3577425479888916 3093 115 5.141957759857178 841 115 6.346709251403809 244 21 0.5996582508087158 
17 5001 5001 54.16116952896118 891 75 0.3947896957397461 18 19 0.004992961883544922 82 19 0.06296801567077637 
11 24 15 0.003010272979736328 10 11 0.0009679794311523438 15 15 0.00400996208190918 22 11 0.0060002803802490234 
17 1632 111 5.402881622314453 135 41 0.0199892520904541 95 41 0.08496236801147461 392 21 1.2073020935058594 
17 885 77 1.8704984188079834 276 53 0.053967952728271484 81 35 0.06298398971557617 108 21 0.10893678665161133 
15 2103 61 8.816925525665283 49 23 0.005997180938720703 32 23 0.012993097305297852 37 17 0.015985727310180664 
15 586 39 0.7335970401763916 173 35 0.028983116149902344 194 67 0.306804895401001 807 23 4.635321855545044 
17 4116 151 34.44212079048157 4639 285 9.353578805923462 53 33 0.026979684829711914 164 23 0.21088337898254395 
